<?xml version="1.0"?>
<opencv_storage>
<DistCoeffs type_id="opencv-matrix">
  <rows>5</rows>
  <cols>1</cols>
  <dt>d</dt>
  <data>
    1.0976983079907179e-01 -3.2693030191666489e-01
    2.2673460830916776e-03 -1.3791381281216004e-03
    3.6287163190005034e-01</data></DistCoeffs>
</opencv_storage>
