<?xml version="1.0"?>
<opencv_storage>
<DistCoeffs type_id="opencv-matrix">
  <rows>5</rows>
  <cols>1</cols>
  <dt>d</dt>
  <data>
    1.3655899232884119e-01 -5.9797484781889587e-01
    -5.9284205848320135e-04 1.3693371172582910e-03
    1.2829388882214663e+00</data></DistCoeffs>
</opencv_storage>
