<?xml version="1.0"?>
<opencv_storage>
<Intrinsics type_id="opencv-matrix">
  <rows>3</rows>
  <cols>3</cols>
  <dt>d</dt>
  <data>
    6.9624847412109375e+02 0. 3.1632146291224672e+02 0.
    6.9537469482421875e+02 2.4082950280458135e+02 0. 0. 1.</data></Intrinsics>
</opencv_storage>
