<?xml version="1.0"?>
<opencv_storage>
<R type_id="opencv-matrix">
  <rows>3</rows>
  <cols>3</cols>
  <dt>d</dt>
  <data>
    9.9954765899700582e-01 -5.7593574079699717e-04
    3.0069015474867164e-02 4.3850141360117639e-03 9.9192288080597479e-01
    -1.2676659727468764e-01 -2.9753135038719958e-02
    1.2684110860284348e-01 9.9147671890154299e-01</data></R>
<t type_id="opencv-matrix">
  <rows>3</rows>
  <cols>1</cols>
  <dt>d</dt>
  <data>
    -1.2932945360888857e+01 -5.3049938747937642e+00
    4.6622335003054118e+01</data></t>
<distance>4.8672848250912352e+01</distance>
</opencv_storage>
