<?xml version="1.0"?>
<opencv_storage>
<R type_id="opencv-matrix">
  <rows>3</rows>
  <cols>3</cols>
  <dt>d</dt>
  <data>
    9.9953949915744911e-01 -5.3424726915873204e-04
    3.0339812193407530e-02 4.3198066742308125e-03 9.9216693203077477e-01
    -1.2484437614461139e-01 -3.0035460615297955e-02
    1.2491794732741704e-01 9.9171234616754245e-01</data></R>
<t type_id="opencv-matrix">
  <rows>3</rows>
  <cols>1</cols>
  <dt>d</dt>
  <data>
    -1.2933958917316822e+01 -5.3102895638165331e+00
    4.6668061478194836e+01</data></t>
<distance>4.8717496145214518e+01</distance>
</opencv_storage>
