<?xml version="1.0"?>
<opencv_storage>
<R type_id="opencv-matrix">
  <rows>3</rows>
  <cols>3</cols>
  <dt>d</dt>
  <data>
    9.9954220856438725e-01 -5.6333268301230963e-04
    3.0249891809974838e-02 4.3986570589508349e-03 9.9190932670674026e-01
    -1.2687213802982528e-01 -2.9933678596268026e-02
    1.2694711595175978e-01 9.9145771701935215e-01</data></R>
<t type_id="opencv-matrix">
  <rows>3</rows>
  <cols>1</cols>
  <dt>d</dt>
  <data>
    -1.2932944477107645e+01 -5.3048989036370910e+00
    4.6621240745230921e+01</data></t>
<distance>4.8671789507378278e+01</distance>
</opencv_storage>
