<?xml version="1.0"?>
<opencv_storage>
<R type_id="opencv-matrix">
  <rows>3</rows>
  <cols>3</cols>
  <dt>d</dt>
  <data>
    9.9953780433556094e-01 -6.0583422403943585e-04
    3.0394253880280078e-02 4.3806880734665789e-03 9.9223696384217952e-01
    -1.2428442041244073e-01 -3.0083006433016726e-02
    1.2436012443764402e-01 9.9178101019015519e-01</data></R>
<t type_id="opencv-matrix">
  <rows>3</rows>
  <cols>1</cols>
  <dt>d</dt>
  <data>
    -1.2932827183995808e+01 -5.3133753929005794e+00
    4.6683698388766018e+01</data></t>
<distance>4.8732511450675901e+01</distance>
</opencv_storage>
