<?xml version="1.0"?>
<opencv_storage>
<R type_id="opencv-matrix">
  <rows>3</rows>
  <cols>3</cols>
  <dt>d</dt>
  <data>
    9.9953857354803377e-01 -4.0486089013802963e-04
    3.0372291273817385e-02 4.2037710980137085e-03 9.9213281567573619e-01
    -1.2511916067449866e-01 -3.0082691005252033e-02
    1.2518910554435295e-01 9.9167672129322837e-01</data></R>
<t type_id="opencv-matrix">
  <rows>3</rows>
  <cols>1</cols>
  <dt>d</dt>
  <data>
    -1.2936987318968914e+01 -5.3050415529853083e+00
    4.6656898942729214e+01</data></t>
<distance>4.8707035690155784e+01</distance>
</opencv_storage>
