<?xml version="1.0"?>
<opencv_storage>
<R type_id="opencv-matrix">
  <rows>3</rows>
  <cols>3</cols>
  <dt>d</dt>
  <data>
    9.9954077590164869e-01 -6.6386345404721020e-04
    3.0295157950478827e-02 4.3306804517478379e-03 9.9262692120346718e-01
    -1.2113232644075951e-01 -2.9991374039128802e-02
    1.2120789820568732e-01 9.9217395798106134e-01</data></R>
<t type_id="opencv-matrix">
  <rows>3</rows>
  <cols>1</cols>
  <dt>d</dt>
  <data>
    -1.2932251339929831e+01 -5.3227994622521759e+00
    4.6758440164510766e+01</data></t>
<distance>4.8804989964680900e+01</distance>
</opencv_storage>
