<?xml version="1.0"?>
<opencv_storage>
<R type_id="opencv-matrix">
  <rows>3</rows>
  <cols>3</cols>
  <dt>d</dt>
  <data>
    9.9967603142802353e-01 -7.3443649255455681e-04
    2.5441949440946108e-02 3.4926124836944092e-03 9.9408629659577785e-01
    -1.0853679826920382e-01 -2.5211779912493206e-02
    1.0859049462788861e-01 9.9376680897991077e-01</data></R>
<t type_id="opencv-matrix">
  <rows>3</rows>
  <cols>1</cols>
  <dt>d</dt>
  <data>
    -1.2934530046650723e+01 -5.3728747682056888e+00
    4.7052937198656977e+01</data></t>
<distance>4.9093265829676568e+01</distance>
</opencv_storage>
