<?xml version="1.0"?>
<opencv_storage>
<R type_id="opencv-matrix">
  <rows>3</rows>
  <cols>3</cols>
  <dt>d</dt>
  <data>
    9.9953109635112403e-01 -3.6423021262464196e-04
    3.0617883066473367e-02 4.1652965200215265e-03 9.9225175563761470e-01
    -1.2417368376178452e-01 -3.0335420419376452e-02
    1.2424299083016145e-01 9.9178800229562969e-01</data></R>
<t type_id="opencv-matrix">
  <rows>3</rows>
  <cols>1</cols>
  <dt>d</dt>
  <data>
    -1.2937509029271540e+01 -5.3092550242212795e+00
    4.6691219758609321e+01</data></t>
<distance>4.8740510167020730e+01</distance>
</opencv_storage>
