<?xml version="1.0"?>
<opencv_storage>
<R type_id="opencv-matrix">
  <rows>3</rows>
  <cols>3</cols>
  <dt>d</dt>
  <data>
    9.9969015814906026e-01 -4.2681143857472865e-04
    2.4887859126544055e-02 2.8930569302233343e-03 9.9506900371067786e-01
    -9.9142866994238521e-02 -2.4722821875855661e-02
    9.9184150378146041e-02 9.9476192447854572e-01</data></R>
<t type_id="opencv-matrix">
  <rows>3</rows>
  <cols>1</cols>
  <dt>d</dt>
  <data>
    -1.2939311380190635e+01 -5.3808452784177048e+00
    4.7279262402404811e+01</data></t>
<distance>4.9312350666128772e+01</distance>
</opencv_storage>
