<?xml version="1.0"?>
<opencv_storage>
<R type_id="opencv-matrix">
  <rows>3</rows>
  <cols>3</cols>
  <dt>d</dt>
  <data>
    9.9953943302934589e-01 -5.8693692583624830e-04
    3.0341017194862333e-02 4.3524572865484713e-03 9.9224885143621799e-01
    -1.2419047040363032e-01 -3.0032947490091826e-02
    1.2426533035626347e-01 9.9179440900647653e-01</data></R>
<t type_id="opencv-matrix">
  <rows>3</rows>
  <cols>1</cols>
  <dt>d</dt>
  <data>
    -1.2932741774128969e+01 -5.3141938469982231e+00
    4.6688417309774636e+01</data></t>
<distance>4.8737098569071982e+01</distance>
</opencv_storage>
