<?xml version="1.0"?>
<opencv_storage>
<R type_id="opencv-matrix">
  <rows>3</rows>
  <cols>3</cols>
  <dt>d</dt>
  <data>
    9.9967083270378032e-01 -8.8186101103330085e-04
    2.5640759787643776e-02 3.8501656651634699e-03 9.9324783665560978e-01
    -1.1594788140928698e-01 -2.5365379273356567e-02
    1.1600843633162418e-01 9.9292428726172788e-01</data></R>
<t type_id="opencv-matrix">
  <rows>3</rows>
  <cols>1</cols>
  <dt>d</dt>
  <data>
    -1.2932219966946594e+01 -5.3483721851162196e+00
    4.6920045044653136e+01</data></t>
<distance>4.8962618652358621e+01</distance>
</opencv_storage>
