<?xml version="1.0"?>
<opencv_storage>
<R type_id="opencv-matrix">
  <rows>3</rows>
  <cols>3</cols>
  <dt>d</dt>
  <data>
    9.9955257537210818e-01 -3.8592798233008868e-04
    2.9908194973594617e-02 4.2366692599955392e-03 9.9166202660046443e-01
    -1.2879625628193281e-01 -2.9609115160158104e-02
    1.2886534079515860e-01 9.9121996763643749e-01</data></R>
<t type_id="opencv-matrix">
  <rows>3</rows>
  <cols>1</cols>
  <dt>d</dt>
  <data>
    -1.2935830379404386e+01 -5.2912184439838033e+00
    4.6567789903074804e+01</data></t>
<distance>4.8619869978061352e+01</distance>
</opencv_storage>
