<?xml version="1.0"?>
<opencv_storage>
<R type_id="opencv-matrix">
  <rows>3</rows>
  <cols>3</cols>
  <dt>d</dt>
  <data>
    9.9971410024290819e-01 -3.7981657704424382e-04
    2.3907603704266412e-02 2.7562932808973500e-03 9.9503890283775354e-01
    -9.9448402132912520e-02 -2.3751223607682424e-02
    9.9485866226351985e-02 9.9475546834301465e-01</data></R>
<t type_id="opencv-matrix">
  <rows>3</rows>
  <cols>1</cols>
  <dt>d</dt>
  <data>
    -1.2938257056182708e+01 -5.3753229750040372e+00
    4.7277193293922252e+01</data></t>
<distance>4.9309487915495069e+01</distance>
</opencv_storage>
