<?xml version="1.0"?>
<opencv_storage>
<R type_id="opencv-matrix">
  <rows>3</rows>
  <cols>3</cols>
  <dt>d</dt>
  <data>
    9.9954799737732680e-01 -4.4540527267445556e-04
    3.0059982586798758e-02 4.2100831777192333e-03 9.9211092017579439e-01
    -1.2529244696938147e-01 -2.9767031068150821e-02
    1.2536236948176138e-01 9.9166435863113789e-01</data></R>
<t type_id="opencv-matrix">
  <rows>3</rows>
  <cols>1</cols>
  <dt>d</dt>
  <data>
    -1.2936617536923315e+01 -5.3050050199927892e+00
    4.6666072210064485e+01</data></t>
<distance>4.8715720738522734e+01</distance>
</opencv_storage>
