<?xml version="1.0"?>
<opencv_storage>
<R type_id="opencv-matrix">
  <rows>3</rows>
  <cols>3</cols>
  <dt>d</dt>
  <data>
    9.9954440760899210e-01 -4.2531948949276507e-04
    3.0179402262484716e-02 4.2576229626591780e-03 9.9188921174053590e-01
    -1.2703410675659607e-01 -2.9880593439502626e-02
    1.2710472350023136e-01 9.9143912541296897e-01</data></R>
<t type_id="opencv-matrix">
  <rows>3</rows>
  <cols>1</cols>
  <dt>d</dt>
  <data>
    -1.2936387146336557e+01 -5.2987933155205162e+00
    4.6607567734175120e+01</data></t>
<distance>4.8658942580950402e+01</distance>
</opencv_storage>
