<?xml version="1.0"?>
<opencv_storage>
<R type_id="opencv-matrix">
  <rows>3</rows>
  <cols>3</cols>
  <dt>d</dt>
  <data>
    9.9954660351695879e-01 -5.8428789017987248e-04
    3.0103920099764255e-02 4.3778841331362991e-03 9.9200712703068494e-01
    -1.2610588428318248e-01 -2.9789621149461345e-02
    1.2618049979290763e-01 9.9155991243282104e-01</data></R>
<t type_id="opencv-matrix">
  <rows>3</rows>
  <cols>1</cols>
  <dt>d</dt>
  <data>
    -1.2933068942601420e+01 -5.3053979661012125e+00
    4.6625274373581838e+01</data></t>
<distance>4.8675740675048587e+01</distance>
</opencv_storage>
