<?xml version="1.0"?>
<opencv_storage>
<R type_id="opencv-matrix">
  <rows>3</rows>
  <cols>3</cols>
  <dt>d</dt>
  <data>
    9.9953698761806187e-01 -3.8840653814961189e-04
    3.0424653223522082e-02 4.1461691396786227e-03 9.9233027605701818e-01
    -1.2354526499250161e-01 -3.0143318743556202e-02
    1.2361420776336103e-01 9.9187242525143371e-01</data></R>
<t type_id="opencv-matrix">
  <rows>3</rows>
  <cols>1</cols>
  <dt>d</dt>
  <data>
    -1.2937279397913384e+01 -5.3101512386115139e+00
    4.6701280167699572e+01</data></t>
<distance>4.8750184345277823e+01</distance>
</opencv_storage>
