<?xml version="1.0"?>
<opencv_storage>
<R type_id="opencv-matrix">
  <rows>3</rows>
  <cols>3</cols>
  <dt>d</dt>
  <data>
    9.9963149010089325e-01 -7.8482217150063912e-04
    2.7134259761910577e-02 3.9209445876291511e-03 9.9327422325140236e-01
    -1.1571924480337752e-01 -2.6860941759522507e-02
    1.1578299304510310e-01 9.9291126911185223e-01</data></R>
<t type_id="opencv-matrix">
  <rows>3</rows>
  <cols>1</cols>
  <dt>d</dt>
  <data>
    -1.2931291730814610e+01 -5.3368969698072943e+00
    4.6911928341595825e+01</data></t>
<distance>4.8953343050508757e+01</distance>
</opencv_storage>
