<?xml version="1.0"?>
<opencv_storage>
<R type_id="opencv-matrix">
  <rows>3</rows>
  <cols>3</cols>
  <dt>d</dt>
  <data>
    9.9965806587336303e-01 -8.9160477528403147e-04
    2.6133434050115888e-02 3.8934118894860675e-03 9.9335317731994399e-01
    -1.1504045571985060e-01 -2.5857159128293158e-02
    1.1510286768493992e-01 9.9301698735344779e-01</data></R>
<t type_id="opencv-matrix">
  <rows>3</rows>
  <cols>1</cols>
  <dt>d</dt>
  <data>
    -1.2932774815451381e+01 -5.3320770735730285e+00
    4.6933467142363753e+01</data></t>
<distance>4.8973850658785601e+01</distance>
</opencv_storage>
