<?xml version="1.0"?>
<opencv_storage>
<R type_id="opencv-matrix">
  <rows>3</rows>
  <cols>3</cols>
  <dt>d</dt>
  <data>
    9.9953984308723931e-01 -4.0455596312832277e-04
    3.0330486570604390e-02 4.1227481048367043e-03 9.9244420444785142e-01
    -1.2262750101806434e-01 -3.0051705928299335e-02
    1.2269611808180404e-01 9.9198919226897575e-01</data></R>
<t type_id="opencv-matrix">
  <rows>3</rows>
  <cols>1</cols>
  <dt>d</dt>
  <data>
    -1.2936870167899183e+01 -5.3102449740868947e+00
    4.6715254741319576e+01</data></t>
<distance>4.8763473389128841e+01</distance>
</opencv_storage>
