<?xml version="1.0"?>
<opencv_storage>
<R type_id="opencv-matrix">
  <rows>3</rows>
  <cols>3</cols>
  <dt>d</dt>
  <data>
    9.9953618256966159e-01 -4.4417971354233465e-04
    3.0450327394795751e-02 4.1662586988678880e-03 9.9248682670931665e-01
    -1.2228058348292689e-01 -3.0167234253777375e-02
    1.2235073155830750e-01 9.9202834458730293e-01</data></R>
<t type_id="opencv-matrix">
  <rows>3</rows>
  <cols>1</cols>
  <dt>d</dt>
  <data>
    -1.2936365611582735e+01 -5.3178918515274605e+00
    4.6726660115846130e+01</data></t>
<distance>4.8775099124070351e+01</distance>
</opencv_storage>
