<?xml version="1.0"?>
<opencv_storage>
<R type_id="opencv-matrix">
  <rows>3</rows>
  <cols>3</cols>
  <dt>d</dt>
  <data>
    9.9958242728873181e-01 -7.2503395083529736e-04
    2.8886768274373052e-02 4.5567783934661061e-03 9.9113187718423357e-01
    -1.3280375672370964e-01 -2.8534309633142164e-02
    1.3287993210047766e-01 9.9072131137809505e-01</data></R>
<t type_id="opencv-matrix">
  <rows>3</rows>
  <cols>1</cols>
  <dt>d</dt>
  <data>
    -1.2931977833805139e+01 -5.2856091176581375e+00
    4.6472048870688361e+01</data></t>
<distance>4.8526539549800447e+01</distance>
</opencv_storage>
