<?xml version="1.0"?>
<opencv_storage>
<R type_id="opencv-matrix">
  <rows>3</rows>
  <cols>3</cols>
  <dt>d</dt>
  <data>
    9.9953801334600179e-01 -4.2563808435318426e-04
    3.0390437781463310e-02 4.2095855398250745e-03 9.9220360928896556e-01
    -1.2455632100994565e-01 -3.0100486140770884e-02
    1.2462670879940174e-01 9.9174701622335037e-01</data></R>
<t type_id="opencv-matrix">
  <rows>3</rows>
  <cols>1</cols>
  <dt>d</dt>
  <data>
    -1.2937032583086555e+01 -5.3074736126976028e+00
    4.6677726800818846e+01</data></t>
<distance>4.8727264108476341e+01</distance>
</opencv_storage>
