<?xml version="1.0"?>
<opencv_storage>
<R type_id="opencv-matrix">
  <rows>3</rows>
  <cols>3</cols>
  <dt>d</dt>
  <data>
    9.9955469667404429e-01 -6.0377301447091399e-04
    2.9833602112489189e-02 4.4422097831566853e-03 9.9166532935765284e-01
    -1.2876389758864970e-01 -2.9507204698204639e-02
    1.2883908571596137e-01 9.9122641957464663e-01</data></R>
<t type_id="opencv-matrix">
  <rows>3</rows>
  <cols>1</cols>
  <dt>d</dt>
  <data>
    -1.2932659281654251e+01 -5.2997515974892098e+00
    4.6577065696998289e+01</data></t>
<distance>4.8628840126338005e+01</distance>
</opencv_storage>
