<?xml version="1.0"?>
<opencv_storage>
<R type_id="opencv-matrix">
  <rows>3</rows>
  <cols>3</cols>
  <dt>d</dt>
  <data>
    9.9969723565278379e-01 -4.2539995737290808e-04
    2.4601952423716392e-02 2.8715937395742850e-03 9.9503527953860027e-01
    -9.9481387319108563e-02 -2.4437491229203037e-02
    9.9521914714377976e-02 9.9473523990758805e-01</data></R>
<t type_id="opencv-matrix">
  <rows>3</rows>
  <cols>1</cols>
  <dt>d</dt>
  <data>
    -1.2936752798423473e+01 -5.3786129760212464e+00
    4.7280119884590363e+01</data></t>
<distance>4.9312257977247199e+01</distance>
</opencv_storage>
