<?xml version="1.0"?>
<opencv_storage>
<R type_id="opencv-matrix">
  <rows>3</rows>
  <cols>3</cols>
  <dt>d</dt>
  <data>
    9.9950338407837125e-01 -3.4573830841786953e-04
    3.1509771197296303e-02 3.2928958280942864e-03 9.9561122303589755e-01
    -9.3527800156047905e-02 -3.1339145695905478e-02
    9.3585111155495296e-02 9.9511792513101904e-01</data></R>
<t type_id="opencv-matrix">
  <rows>3</rows>
  <cols>1</cols>
  <dt>d</dt>
  <data>
    -1.2940014525962285e+01 -5.3859426887227224e+00
    4.7342460454452471e+01</data></t>
<distance>4.9373686478322810e+01</distance>
</opencv_storage>
