<?xml version="1.0"?>
<opencv_storage>
<R type_id="opencv-matrix">
  <rows>3</rows>
  <cols>3</cols>
  <dt>d</dt>
  <data>
    9.9953451141476979e-01 -4.3071098093803062e-04
    3.0505327057554647e-02 4.2001527594600525e-03 9.9232186390512811e-01
    -1.2361099114823715e-01 -3.0217862393535987e-02
    1.2368157867646767e-01 9.9186175845652103e-01</data></R>
<t type_id="opencv-matrix">
  <rows>3</rows>
  <cols>1</cols>
  <dt>d</dt>
  <data>
    -1.2936281568669477e+01 -5.3101378348880983e+00
    4.6696942921486396e+01</data></t>
<distance>4.8745763127291028e+01</distance>
</opencv_storage>
