<?xml version="1.0"?>
<opencv_storage>
<R type_id="opencv-matrix">
  <rows>3</rows>
  <cols>3</cols>
  <dt>d</dt>
  <data>
    9.9968791627183884e-01 -1.0200278902858413e-03
    2.4960560954672337e-02 3.7911109325379812e-03 9.9378802853309078e-01
    -1.1122491547405165e-01 -2.4692054146345645e-02
    1.1128483224328363e-01 9.9348175049903065e-01</data></R>
<t type_id="opencv-matrix">
  <rows>3</rows>
  <cols>1</cols>
  <dt>d</dt>
  <data>
    -1.2931867053712471e+01 -5.3590874097267687e+00
    4.7021213053197833e+01</data></t>
<distance>4.9060651038833640e+01</distance>
</opencv_storage>
