<?xml version="1.0"?>
<opencv_storage>
<R type_id="opencv-matrix">
  <rows>3</rows>
  <cols>3</cols>
  <dt>d</dt>
  <data>
    9.9988026632492133e-01 -7.0090530445830290e-04
    1.5458387553637775e-02 2.5103765244123997e-03 9.9308764656618853e-01
    -1.1734830312933728e-01 -1.5269283667217665e-02
    1.1737305895895928e-01 9.9297050006881216e-01</data></R>
<t type_id="opencv-matrix">
  <rows>3</rows>
  <cols>1</cols>
  <dt>d</dt>
  <data>
    -1.2930451757931721e+01 -5.3429051633275950e+00
    4.6983319509383939e+01</data></t>
<distance>4.9022194263102605e+01</distance>
</opencv_storage>
