<?xml version="1.0"?>
<opencv_storage>
<R type_id="opencv-matrix">
  <rows>3</rows>
  <cols>3</cols>
  <dt>d</dt>
  <data>
    9.9955673248571875e-01 -6.2502411807433748e-04
    2.9764876739625839e-02 4.4400116687706645e-03 9.9172826395477043e-01
    -1.2827835659080783e-01 -2.9438492469120666e-02
    1.2835365136258919e-01 9.9129143814674225e-01</data></R>
<t type_id="opencv-matrix">
  <rows>3</rows>
  <cols>1</cols>
  <dt>d</dt>
  <data>
    -1.2932431234055233e+01 -5.3000951668946845e+00
    4.6583572333266915e+01</data></t>
<distance>4.8635049066803845e+01</distance>
</opencv_storage>
