<?xml version="1.0"?>
<opencv_storage>
<R type_id="opencv-matrix">
  <rows>3</rows>
  <cols>3</cols>
  <dt>d</dt>
  <data>
    9.9953584413966490e-01 -4.0930896301315115e-04
    3.0461922890394112e-02 4.1776647164193520e-03 9.9230502873384441e-01
    -1.2374682649280955e-01 -3.0176868583812740e-02
    1.2381664837854853e-01 9.9184615449513047e-01</data></R>
<t type_id="opencv-matrix">
  <rows>3</rows>
  <cols>1</cols>
  <dt>d</dt>
  <data>
    -1.2937164693802345e+01 -5.3097126315490568e+00
    4.6696783212547274e+01</data></t>
<distance>4.8745798187575460e+01</distance>
</opencv_storage>
