<?xml version="1.0"?>
<opencv_storage>
<R type_id="opencv-matrix">
  <rows>3</rows>
  <cols>3</cols>
  <dt>d</dt>
  <data>
    9.9955701374460193e-01 -6.1737992452390940e-04
    2.9755589659800068e-02 4.4603941825912220e-03 9.9160063251140673e-01
    -1.2926055270930142e-01 -2.9425858657132035e-02
    1.2933601372010417e-01 9.9116412081818395e-01</data></R>
<t type_id="opencv-matrix">
  <rows>3</rows>
  <cols>1</cols>
  <dt>d</dt>
  <data>
    -1.2932521002236182e+01 -5.2969430760946503e+00
    4.6553426628507829e+01</data></t>
<distance>4.8605855987530234e+01</distance>
</opencv_storage>
