<?xml version="1.0"?>
<opencv_storage>
<R type_id="opencv-matrix">
  <rows>3</rows>
  <cols>3</cols>
  <dt>d</dt>
  <data>
    9.9954890159012522e-01 -5.8081650460820641e-04
    3.0027587018642905e-02 4.3894931182240603e-03 9.9190197158942239e-01
    -1.2692994566760749e-01 -2.9710699758492071e-02
    1.2700449365752656e-01 9.9145707567733665e-01</data></R>
<t type_id="opencv-matrix">
  <rows>3</rows>
  <cols>1</cols>
  <dt>d</dt>
  <data>
    -1.2932585818420423e+01 -5.3049017638702152e+00
    4.6622961762504943e+01</data></t>
<distance>4.8673343034798002e+01</distance>
</opencv_storage>
