<?xml version="1.0"?>
<opencv_storage>
<R type_id="opencv-matrix">
  <rows>3</rows>
  <cols>3</cols>
  <dt>d</dt>
  <data>
    9.9953961242792333e-01 -5.9937172956370070e-04
    3.0334863457192909e-02 4.3351448094583649e-03 9.9236790484587956e-01
    -1.2323614709686583e-01 -3.0029480630170146e-02
    1.2331091673217391e-01 9.9191362935880312e-01</data></R>
<t type_id="opencv-matrix">
  <rows>3</rows>
  <cols>1</cols>
  <dt>d</dt>
  <data>
    -1.2932796397771927e+01 -5.3166466714300258e+00
    4.6709932886023452e+01</data></t>
<distance>4.8757992008611950e+01</distance>
</opencv_storage>
