<?xml version="1.0"?>
<opencv_storage>
<R type_id="opencv-matrix">
  <rows>3</rows>
  <cols>3</cols>
  <dt>d</dt>
  <data>
    9.9955237752496839e-01 -5.7151116927549967e-04
    2.9911836439214901e-02 4.3693057173450553e-03 9.9188593156759586e-01
    -1.2705592440272509e-01 -2.9596515871489450e-02
    1.2712974527334667e-01 9.9144443823897799e-01</data></R>
<t type_id="opencv-matrix">
  <rows>3</rows>
  <cols>1</cols>
  <dt>d</dt>
  <data>
    -1.2933492794422087e+01 -5.3039891421229521e+00
    4.6616405269259310e+01</data></t>
<distance>4.8667204326023842e+01</distance>
</opencv_storage>
