<?xml version="1.0"?>
<opencv_storage>
<R type_id="opencv-matrix">
  <rows>3</rows>
  <cols>3</cols>
  <dt>d</dt>
  <data>
    9.9955344046811012e-01 -5.9714016161285691e-04
    2.9875794081355069e-02 4.4293159996776797e-03 9.9171650291970714e-01
    -1.2836961866610594e-01 -2.9551663373474275e-02
    1.2844462332201315e-01 9.9127628738486784e-01</data></R>
<t type_id="opencv-matrix">
  <rows>3</rows>
  <cols>1</cols>
  <dt>d</dt>
  <data>
    -1.2932603372605357e+01 -5.3001773087843844e+00
    4.6578969735431222e+01</data></t>
<distance>4.8630695359123685e+01</distance>
</opencv_storage>
