<?xml version="1.0"?>
<opencv_storage>
<R type_id="opencv-matrix">
  <rows>3</rows>
  <cols>3</cols>
  <dt>d</dt>
  <data>
    9.9954203673351283e-01 -5.2078330194660740e-04
    3.0256331360119092e-02 4.2785391110631513e-03 9.9223969780673282e-01
    -1.2426615065848982e-01 -2.9956817349244817e-02
    1.2433869422330203e-01 9.9178751666531284e-01</data></R>
<t type_id="opencv-matrix">
  <rows>3</rows>
  <cols>1</cols>
  <dt>d</dt>
  <data>
    -1.2934802908337664e+01 -5.3108623490820452e+00
    4.6686402590837545e+01</data></t>
<distance>4.8735352384508325e+01</distance>
</opencv_storage>
