<?xml version="1.0"?>
<opencv_storage>
<R type_id="opencv-matrix">
  <rows>3</rows>
  <cols>3</cols>
  <dt>d</dt>
  <data>
    9.9967944683457866e-01 -7.8736413521712594e-04
    2.5305802382644339e-02 3.5666168491456972e-03 9.9392846023183834e-01
    -1.0997042868616251e-01 -2.5065570425630932e-02
    1.1002543341830349e-01 9.9361266154389971e-01</data></R>
<t type_id="opencv-matrix">
  <rows>3</rows>
  <cols>1</cols>
  <dt>d</dt>
  <data>
    -1.2934312496465530e+01 -5.3504866908970525e+00
    4.7024603568519829e+01</data></t>
<distance>4.9063606556817028e+01</distance>
</opencv_storage>
