<?xml version="1.0"?>
<opencv_storage>
<R type_id="opencv-matrix">
  <rows>3</rows>
  <cols>3</cols>
  <dt>d</dt>
  <data>
    9.9977134196686812e-01 -5.5781666584840705e-04
    2.1376450180861768e-02 2.8328127396772757e-03 9.9430398747479554e-01
    -1.0654367960467434e-01 -2.1195257812762873e-02
    1.0657987301685473e-01 9.9407821207084179e-01</data></R>
<t type_id="opencv-matrix">
  <rows>3</rows>
  <cols>1</cols>
  <dt>d</dt>
  <data>
    -1.2935176004110836e+01 -5.3568794226901595e+00
    4.7128458316330473e+01</data></t>
<distance>4.9164077522929944e+01</distance>
</opencv_storage>
