<?xml version="1.0"?>
<opencv_storage>
<R type_id="opencv-matrix">
  <rows>3</rows>
  <cols>3</cols>
  <dt>d</dt>
  <data>
    9.9954152891492687e-01 -4.2680884299342039e-04
    3.0274573632372299e-02 4.1981714704704912e-03 9.9219586327275533e-01
    -1.2461839455207380e-01 -2.9985118487591757e-02
    1.2468835847280751e-01 9.9174276197542355e-01</data></R>
<t type_id="opencv-matrix">
  <rows>3</rows>
  <cols>1</cols>
  <dt>d</dt>
  <data>
    -1.2936604675858367e+01 -5.3101593686825996e+00
    4.6675010769215994e+01</data></t>
<distance>4.8724841337521852e+01</distance>
</opencv_storage>
