<?xml version="1.0"?>
<opencv_storage>
<R type_id="opencv-matrix">
  <rows>3</rows>
  <cols>3</cols>
  <dt>d</dt>
  <data>
    9.9965033133289694e-01 -8.2473605763756352e-04
    2.6429810375116009e-02 3.8680830185071208e-03 9.9332254978791246e-01
    -1.1530546394946735e-01 -2.6158230058459502e-02
    1.1536737794227279e-01 9.9297840616346400e-01</data></R>
<t type_id="opencv-matrix">
  <rows>3</rows>
  <cols>1</cols>
  <dt>d</dt>
  <data>
    -1.2931140009028896e+01 -5.3441645691928468e+00
    4.6919784901962608e+01</data></t>
<distance>4.8961624688343043e+01</distance>
</opencv_storage>
