<?xml version="1.0"?>
<opencv_storage>
<R type_id="opencv-matrix">
  <rows>3</rows>
  <cols>3</cols>
  <dt>d</dt>
  <data>
    9.9952072624081867e-01 -4.3233388073911513e-04
    3.0953689641817050e-02 4.2122539386150537e-03 9.9250211758821694e-01
    -1.2215483412318107e-01 -3.0668790843184364e-02
    1.2222667331773709e-01 9.9202825846741705e-01</data></R>
<t type_id="opencv-matrix">
  <rows>3</rows>
  <cols>1</cols>
  <dt>d</dt>
  <data>
    -1.2934928618452743e+01 -5.3267948175240161e+00
    4.6717170726371180e+01</data></t>
<distance>4.8766598836389853e+01</distance>
</opencv_storage>
