<?xml version="1.0"?>
<opencv_storage>
<R type_id="opencv-matrix">
  <rows>3</rows>
  <cols>3</cols>
  <dt>d</dt>
  <data>
    9.9954963922042828e-01 -6.4033118457494328e-04
    3.0001811783384836e-02 4.2811556295148205e-03 9.9258863592162905e-01
    -1.2144740238356547e-01 -2.9701690874215595e-02
    1.2152114966216312e-01 9.9214435428721703e-01</data></R>
<t type_id="opencv-matrix">
  <rows>3</rows>
  <cols>1</cols>
  <dt>d</dt>
  <data>
    -1.2932760901007907e+01 -5.3223041668300519e+00
    4.6744672739844781e+01</data></t>
<distance>4.8791881043080132e+01</distance>
</opencv_storage>
