<?xml version="1.0"?>
<opencv_storage>
<R type_id="opencv-matrix">
  <rows>3</rows>
  <cols>3</cols>
  <dt>d</dt>
  <data>
    9.9952659522810039e-01 -3.8190136358115631e-04
    3.0764258207695100e-02 4.2018189262064244e-03 9.9224843874565560e-01
    -1.2419895540832963e-01 -3.0478355425327890e-02
    1.2426942487256216e-01 9.9178030828022090e-01</data></R>
<t type_id="opencv-matrix">
  <rows>3</rows>
  <cols>1</cols>
  <dt>d</dt>
  <data>
    -1.2937141898590591e+01 -5.3073794950645956e+00
    4.6676205067143357e+01</data></t>
<distance>4.8725825155444213e+01</distance>
</opencv_storage>
