<?xml version="1.0"?>
<opencv_storage>
<R type_id="opencv-matrix">
  <rows>3</rows>
  <cols>3</cols>
  <dt>d</dt>
  <data>
    9.9966523213260772e-01 -7.7280035431334421e-04
    2.5861679080678091e-02 3.5752540352287287e-03 9.9409073177466478e-01
    -1.0849347703108775e-01 -2.5625011684742512e-02
    1.0854961897364707e-01 9.9376070509797931e-01</data></R>
<t type_id="opencv-matrix">
  <rows>3</rows>
  <cols>1</cols>
  <dt>d</dt>
  <data>
    -1.2934208788098331e+01 -5.3618132873505733e+00
    4.7042466143945695e+01</data></t>
<distance>4.9081935776890525e+01</distance>
</opencv_storage>
