<?xml version="1.0"?>
<opencv_storage>
<R type_id="opencv-matrix">
  <rows>3</rows>
  <cols>3</cols>
  <dt>d</dt>
  <data>
    9.9955836234734530e-01 -6.2333995890262754e-04
    2.9710128050696106e-02 4.4564040944199742e-03 9.9161830940822016e-01
    -1.2912501271609111e-01 -2.9380618169813261e-02
    1.2920038658486704e-01 9.9118315128046874e-01</data></R>
<t type_id="opencv-matrix">
  <rows>3</rows>
  <cols>1</cols>
  <dt>d</dt>
  <data>
    -1.2932178309222458e+01 -5.2978106413142925e+00
    4.6563413389966520e+01</data></t>
<distance>4.8615424506401872e+01</distance>
</opencv_storage>
