<?xml version="1.0"?>
<opencv_storage>
<R type_id="opencv-matrix">
  <rows>3</rows>
  <cols>3</cols>
  <dt>d</dt>
  <data>
    9.9956606426527128e-01 -6.3839247655790641e-04
    2.9449543702431229e-02 4.4741256358738768e-03 9.9145572196851794e-01
    -1.3036691902349740e-01 -2.9114693352840743e-02
    1.3044210911715043e-01 9.9102835014949975e-01</data></R>
<t type_id="opencv-matrix">
  <rows>3</rows>
  <cols>1</cols>
  <dt>d</dt>
  <data>
    -1.2932514212648115e+01 -5.2932775281753628e+00
    4.6529281672864677e+01</data></t>
<distance>4.8582329749029242e+01</distance>
</opencv_storage>
