<?xml version="1.0"?>
<opencv_storage>
<R type_id="opencv-matrix">
  <rows>3</rows>
  <cols>3</cols>
  <dt>d</dt>
  <data>
    9.9954154565961784e-01 -5.4047001068748815e-04
    3.0272204950245546e-02 4.3477942035956563e-03 9.9204027427008568e-01
    -1.2584590144973493e-01 -2.9963230565900327e-02
    1.2591982416720873e-01 9.9158781895289239e-01</data></R>
<t type_id="opencv-matrix">
  <rows>3</rows>
  <cols>1</cols>
  <dt>d</dt>
  <data>
    -1.2933647681405656e+01 -5.3063960086077442e+00
    4.6639777548487466e+01</data></t>
<distance>4.8689895571045263e+01</distance>
</opencv_storage>
