<?xml version="1.0"?>
<opencv_storage>
<R type_id="opencv-matrix">
  <rows>3</rows>
  <cols>3</cols>
  <dt>d</dt>
  <data>
    9.9967602687112411e-01 -8.8033093431941494e-04
    2.5437498238025401e-02 3.7235434292262762e-03 9.9370767251663872e-01
    -1.1194282829147857e-01 -2.5178890434134127e-02
    1.1200127945256193e-01 9.9338901588325157e-01</data></R>
<t type_id="opencv-matrix">
  <rows>3</rows>
  <cols>1</cols>
  <dt>d</dt>
  <data>
    -1.2933326906335948e+01 -5.3459206721001635e+00
    4.7002120104832720e+01</data></t>
<distance>4.9041300013842026e+01</distance>
</opencv_storage>
