<?xml version="1.0"?>
<opencv_storage>
<R type_id="opencv-matrix">
  <rows>3</rows>
  <cols>3</cols>
  <dt>d</dt>
  <data>
    9.9954073389069653e-01 -5.7480398978357631e-04
    3.0298364537067832e-02 4.3142166136489607e-03 9.9233523947055391e-01
    -1.2349963578864888e-01 -2.9995146745069211e-02
    1.2357363029907205e-01 9.9188197335491990e-01</data></R>
<t type_id="opencv-matrix">
  <rows>3</rows>
  <cols>1</cols>
  <dt>d</dt>
  <data>
    -1.2933571381538220e+01 -5.3140285066656645e+00
    4.6696635339270806e+01</data></t>
<distance>4.8745173296028355e+01</distance>
</opencv_storage>
