<?xml version="1.0"?>
<opencv_storage>
<R type_id="opencv-matrix">
  <rows>3</rows>
  <cols>3</cols>
  <dt>d</dt>
  <data>
    9.9934421667770934e-01 -3.5711985144699183e-04
    3.6207859067157518e-02 3.5393055581199656e-03 9.9612648291040606e-01
    -8.7860704303520956e-02 -3.6036230504614374e-02
    8.7931237395798015e-02 9.9547450373229651e-01</data></R>
<t type_id="opencv-matrix">
  <rows>3</rows>
  <cols>1</cols>
  <dt>d</dt>
  <data>
    -1.2941900280961962e+01 -5.4018547316491450e+00
    4.7419021988891011e+01</data></t>
<distance>4.9449332288789641e+01</distance>
</opencv_storage>
