<?xml version="1.0"?>
<opencv_storage>
<R type_id="opencv-matrix">
  <rows>3</rows>
  <cols>3</cols>
  <dt>d</dt>
  <data>
    9.9964801319082963e-01 -7.4935189011294504e-04
    2.6519581357400627e-02 3.8080268930632006e-03 9.9330306835710680e-01
    -1.1547516323235303e-01 -2.6255450002022705e-02
    1.1553550477711021e-01 9.9295629233168647e-01</data></R>
<t type_id="opencv-matrix">
  <rows>3</rows>
  <cols>1</cols>
  <dt>d</dt>
  <data>
    -1.2932921542386108e+01 -5.3297347392014824e+00
    4.6926126596281364e+01</data></t>
<distance>4.8966599732286809e+01</distance>
</opencv_storage>
