<?xml version="1.0"?>
<opencv_storage>
<R type_id="opencv-matrix">
  <rows>3</rows>
  <cols>3</cols>
  <dt>d</dt>
  <data>
    9.9959007406977074e-01 -7.1640410863925137e-04
    2.8621156271947931e-02 4.5415926327799141e-03 9.9099669315621464e-01
    -1.3380929747145787e-01 -2.8267609689324971e-02
    1.3388443120318488e-01 9.9059371153054043e-01</data></R>
<t type_id="opencv-matrix">
  <rows>3</rows>
  <cols>1</cols>
  <dt>d</dt>
  <data>
    -1.2931942437534065e+01 -5.2803199420980871e+00
    4.6438241103952102e+01</data></t>
<distance>4.8493578448361589e+01</distance>
</opencv_storage>
