<?xml version="1.0"?>
<opencv_storage>
<R type_id="opencv-matrix">
  <rows>3</rows>
  <cols>3</cols>
  <dt>d</dt>
  <data>
    9.9953928266310577e-01 -5.6772063772932862e-04
    3.0346335966660701e-02 4.3691277683917335e-03 9.9210311151888764e-01
    -1.2534882064497049e-01 -3.0035531223326434e-02
    1.2542365728928101e-01 9.9164851285942723e-01</data></R>
<t type_id="opencv-matrix">
  <rows>3</rows>
  <cols>1</cols>
  <dt>d</dt>
  <data>
    -1.2932927630876478e+01 -5.3106312650092287e+00
    4.6661194584628845e+01</data></t>
<distance>4.8710681596575689e+01</distance>
</opencv_storage>
