<?xml version="1.0"?>
<opencv_storage>
<R type_id="opencv-matrix">
  <rows>3</rows>
  <cols>3</cols>
  <dt>d</dt>
  <data>
    9.9970029045417685e-01 -3.7726673111810488e-04
    2.4478295194888752e-02 2.7825043090764241e-03 9.9515287275431163e-01
    -9.8300648617446640e-02 -2.4322560218950909e-02
    9.8339297936553993e-02 9.9485566568509887e-01</data></R>
<t type_id="opencv-matrix">
  <rows>3</rows>
  <cols>1</cols>
  <dt>d</dt>
  <data>
    -1.2938293445841930e+01 -5.3909412552553508e+00
    4.7298491254396637e+01</data></t>
<distance>4.9331622311156210e+01</distance>
</opencv_storage>
