<?xml version="1.0"?>
<opencv_storage>
<R type_id="opencv-matrix">
  <rows>3</rows>
  <cols>3</cols>
  <dt>d</dt>
  <data>
    9.9954419167339548e-01 -6.2288055583347508e-04
    3.0183122962866862e-02 4.2806346117556099e-03 9.9260992842254103e-01
    -1.2127327060947414e-01 -2.9884528761535058e-02
    1.2134719616378149e-01 9.9216015487616205e-01</data></R>
<t type_id="opencv-matrix">
  <rows>3</rows>
  <cols>1</cols>
  <dt>d</dt>
  <data>
    -1.2932597992854253e+01 -5.3210227121130913e+00
    4.6746541976358600e+01</data></t>
<distance>4.8793488912918058e+01</distance>
</opencv_storage>
