<?xml version="1.0"?>
<opencv_storage>
<R type_id="opencv-matrix">
  <rows>3</rows>
  <cols>3</cols>
  <dt>d</dt>
  <data>
    9.9971575180293182e-01 -1.0532356970669910e-03
    2.3818192451679664e-02 3.6248746578134059e-03 9.9412405060774289e-01
    -1.0818610024845615e-01 -2.3564292495510415e-02
    1.0824168650672569e-01 9.9384529048608261e-01</data></R>
<t type_id="opencv-matrix">
  <rows>3</rows>
  <cols>1</cols>
  <dt>d</dt>
  <data>
    -1.2935210641278770e+01 -5.3700545843692389e+00
    4.7138875468713394e+01</data></t>
<distance>4.9175509565516712e+01</distance>
</opencv_storage>
