<?xml version="1.0"?>
<opencv_storage>
<R type_id="opencv-matrix">
  <rows>3</rows>
  <cols>3</cols>
  <dt>d</dt>
  <data>
    9.9953592855224793e-01 -6.2760898967107685e-04
    3.0455436955518989e-02 4.3266228922333033e-03 9.9257665762615366e-01
    -1.2154365088330037e-01 -3.0153073931921275e-02
    1.2161901513599459e-01 9.9211874656706633e-01</data></R>
<t type_id="opencv-matrix">
  <rows>3</rows>
  <cols>1</cols>
  <dt>d</dt>
  <data>
    -1.2932319253947588e+01 -5.3211102441802280e+00
    4.6745548531289785e+01</data></t>
<distance>4.8792472810956319e+01</distance>
</opencv_storage>
