<?xml version="1.0"?>
<opencv_storage>
<R type_id="opencv-matrix">
  <rows>3</rows>
  <cols>3</cols>
  <dt>d</dt>
  <data>
    9.9957451300910083e-01 -3.6904822525424459e-04
    2.9166020400912436e-02 3.3670686105964362e-03 9.9469536011896742e-01
    -1.0280954920030157e-01 -2.8973363484251183e-02
    1.0286400906636455e-01 9.9427337279402406e-01</data></R>
<t type_id="opencv-matrix">
  <rows>3</rows>
  <cols>1</cols>
  <dt>d</dt>
  <data>
    -1.2940203604026497e+01 -5.3644227171902630e+00
    4.7139723866767326e+01</data></t>
<distance>4.9177021734113183e+01</distance>
</opencv_storage>
