<?xml version="1.0"?>
<opencv_storage>
<R type_id="opencv-matrix">
  <rows>3</rows>
  <cols>3</cols>
  <dt>d</dt>
  <data>
    9.9965403876444658e-01 -9.0847132088217424e-04
    2.6286450155723739e-02 3.8494713070269934e-03 9.9369511681178613e-01
    -1.1204997275799337e-01 -2.6018922971302826e-02
    1.1211239674661234e-01 9.9335483395569357e-01</data></R>
<t type_id="opencv-matrix">
  <rows>3</rows>
  <cols>1</cols>
  <dt>d</dt>
  <data>
    -1.2930883570535174e+01 -5.3597163199516791e+00
    4.6969514867257125e+01</data></t>
<distance>4.9010913435790812e+01</distance>
</opencv_storage>
