<?xml version="1.0"?>
<opencv_storage>
<R type_id="opencv-matrix">
  <rows>3</rows>
  <cols>3</cols>
  <dt>d</dt>
  <data>
    9.9963096269309604e-01 -6.1732304968642330e-04
    2.7158006876912017e-02 3.6550365249990676e-03 9.9370749114162316e-01
    -1.1194669605228139e-01 -2.6918007602253876e-02
    1.1200464705213475e-01 9.9334303234353627e-01</data></R>
<t type_id="opencv-matrix">
  <rows>3</rows>
  <cols>1</cols>
  <dt>d</dt>
  <data>
    -1.2933980049120587e+01 -5.3426814256682889e+00
    4.6961340838496064e+01</data></t>
<distance>4.9002036876813897e+01</distance>
</opencv_storage>
