<?xml version="1.0"?>
<opencv_storage>
<R type_id="opencv-matrix">
  <rows>3</rows>
  <cols>3</cols>
  <dt>d</dt>
  <data>
    9.9954277281562176e-01 -4.1665310536664652e-04
    3.0233618907568448e-02 4.1381353420911976e-03 9.9238151587676804e-01
    -1.2313327244095523e-01 -2.9951980701596811e-02
    1.2320208336841451e-01 9.9192949623737547e-01</data></R>
<t type_id="opencv-matrix">
  <rows>3</rows>
  <cols>1</cols>
  <dt>d</dt>
  <data>
    -1.2937384265521638e+01 -5.3113714650753723e+00
    4.6716492050405598e+01</data></t>
<distance>4.8764917799268282e+01</distance>
</opencv_storage>
