<?xml version="1.0"?>
<opencv_storage>
<R type_id="opencv-matrix">
  <rows>3</rows>
  <cols>3</cols>
  <dt>d</dt>
  <data>
    9.9953104410553473e-01 -5.9375575811407852e-04
    3.0615997834453321e-02 4.1624241901770873e-03 9.9316659674020202e-01
    -1.1663097935088214e-01 -3.0337536059485328e-02
    1.1670372133563083e-01 9.9270331687380542e-01</data></R>
<t type_id="opencv-matrix">
  <rows>3</rows>
  <cols>1</cols>
  <dt>d</dt>
  <data>
    -1.2934914648413638e+01 -5.3321648215599735e+00
    4.6846314553266723e+01</data></t>
<distance>4.8890911076289385e+01</distance>
</opencv_storage>
