<?xml version="1.0"?>
<opencv_storage>
<R type_id="opencv-matrix">
  <rows>3</rows>
  <cols>3</cols>
  <dt>d</dt>
  <data>
    9.9953858299597298e-01 -5.3708051891880972e-04
    3.0369929978823981e-02 4.3798745280683050e-03 9.9194305750016853e-01
    -1.2660879659935037e-01 -3.0057242081083419e-02
    1.2668339363047348e-01 9.9148771045169570e-01</data></R>
<t type_id="opencv-matrix">
  <rows>3</rows>
  <cols>1</cols>
  <dt>d</dt>
  <data>
    -1.2932952288754004e+01 -5.3058730184787253e+00
    4.6630038385567204e+01</data></t>
<distance>4.8680324806135786e+01</distance>
</opencv_storage>
