<?xml version="1.0"?>
<opencv_storage>
<R type_id="opencv-matrix">
  <rows>3</rows>
  <cols>3</cols>
  <dt>d</dt>
  <data>
    9.9953427036766695e-01 -4.1741566327474391e-04
    3.0513408933447322e-02 4.1712311081558168e-03 9.9239018516599298e-01
    -1.2306226561074086e-01 -3.0229839424285452e-02
    1.2313223034758299e-01 9.9192974078712437e-01</data></R>
<t type_id="opencv-matrix">
  <rows>3</rows>
  <cols>1</cols>
  <dt>d</dt>
  <data>
    -1.2937044628055508e+01 -5.3121014969198876e+00
    4.6715282340906334e+01</data></t>
<distance>4.8763748319960733e+01</distance>
</opencv_storage>
