<?xml version="1.0"?>
<opencv_storage>
<R type_id="opencv-matrix">
  <rows>3</rows>
  <cols>3</cols>
  <dt>d</dt>
  <data>
    9.9953225974129445e-01 -6.2067200005920249e-04
    3.0575750239851388e-02 4.3202732487644850e-03 9.9263318701864045e-01
    -1.2108134153647632e-01 -3.0275352607648347e-02
    1.2115680251428376e-01 9.9217157398758282e-01</data></R>
<t type_id="opencv-matrix">
  <rows>3</rows>
  <cols>1</cols>
  <dt>d</dt>
  <data>
    -1.2932540064460168e+01 -5.3223482588923217e+00
    4.6758123889712266e+01</data></t>
<distance>4.8804714251734765e+01</distance>
</opencv_storage>
