<?xml version="1.0"?>
<opencv_storage>
<R type_id="opencv-matrix">
  <rows>3</rows>
  <cols>3</cols>
  <dt>d</dt>
  <data>
    9.9964651582716280e-01 -8.2314545732293447e-04
    2.6573780803079112e-02 3.8430512418402571e-03 9.9349709127470609e-01
    -1.1379262096397544e-01 -2.6307306053007355e-02
    1.1385452147479466e-01 9.9314906916735257e-01</data></R>
<t type_id="opencv-matrix">
  <rows>3</rows>
  <cols>1</cols>
  <dt>d</dt>
  <data>
    -1.2931561764642263e+01 -5.3473922906283429e+00
    4.6939767212657088e+01</data></t>
<distance>4.8981237631985849e+01</distance>
</opencv_storage>
