<?xml version="1.0"?>
<opencv_storage>
<R type_id="opencv-matrix">
  <rows>3</rows>
  <cols>3</cols>
  <dt>d</dt>
  <data>
    9.9950720904695001e-01 -3.1604319423301293e-04
    3.1388519873929058e-02 3.2082331174160062e-03 9.9574143446480023e-01
    -9.2134157239572398e-02 -3.1225731431641049e-02
    9.2189456049384069e-02 9.9525175603456117e-01</data></R>
<t type_id="opencv-matrix">
  <rows>3</rows>
  <cols>1</cols>
  <dt>d</dt>
  <data>
    -1.2943389461512082e+01 -5.3952964525310003e+00
    4.7370208346738579e+01</data></t>
<distance>4.9402198264616693e+01</distance>
</opencv_storage>
