<?xml version="1.0"?>
<opencv_storage>
<R type_id="opencv-matrix">
  <rows>3</rows>
  <cols>3</cols>
  <dt>d</dt>
  <data>
    9.9955655784709907e-01 -6.2561558821884423e-04
    2.9770728408869396e-02 4.4398423077791505e-03 9.9173483009811259e-01
    -1.2822758896021533e-01 -2.9444447101973917e-02
    1.2830290478162862e-01 9.9129783070450395e-01</data></R>
<t type_id="opencv-matrix">
  <rows>3</rows>
  <cols>1</cols>
  <dt>d</dt>
  <data>
    -1.2932490442858096e+01 -5.3011462071204161e+00
    4.6574745504097578e+01</data></t>
<distance>4.8626724945603115e+01</distance>
</opencv_storage>
