<?xml version="1.0"?>
<opencv_storage>
<R type_id="opencv-matrix">
  <rows>3</rows>
  <cols>3</cols>
  <dt>d</dt>
  <data>
    9.9953687096861055e-01 -5.8483559431609755e-04
    3.0425343738517050e-02 4.2942856545282538e-03 9.9252103957372606e-01
    -1.2199813569972014e-01 -3.0126444944543498e-02
    1.2207228993845261e-01 9.9206388571713755e-01</data></R>
<t type_id="opencv-matrix">
  <rows>3</rows>
  <cols>1</cols>
  <dt>d</dt>
  <data>
    -1.2933178898921476e+01 -5.3192268961484777e+00
    4.6733542983057148e+01</data></t>
<distance>4.8780993542090414e+01</distance>
</opencv_storage>
