<?xml version="1.0"?>
<opencv_storage>
<R type_id="opencv-matrix">
  <rows>3</rows>
  <cols>3</cols>
  <dt>d</dt>
  <data>
    9.9953813479323828e-01 -5.8219646010047193e-04
    3.0383846717229854e-02 4.3349313606978017e-03 9.9232364358414527e-01
    -1.2359204971997335e-01 -3.0078654626700171e-02
    1.2366667874236849e-01 9.9186784760101965e-01</data></R>
<t type_id="opencv-matrix">
  <rows>3</rows>
  <cols>1</cols>
  <dt>d</dt>
  <data>
    -1.2932719863597356e+01 -5.3151294798088582e+00
    4.6699773710616910e+01</data></t>
<distance>4.8748073901234761e+01</distance>
</opencv_storage>
