<?xml version="1.0"?>
<opencv_storage>
<R type_id="opencv-matrix">
  <rows>3</rows>
  <cols>3</cols>
  <dt>d</dt>
  <data>
    9.9963529885817493e-01 -7.1561200047461711e-04
    2.6995502888298932e-02 3.8621255812841910e-03 9.9316133998661282e-01
    -1.1668606061561021e-01 -2.6727387876890801e-02
    1.1674776509835316e-01 9.9280189669531649e-01</data></R>
<t type_id="opencv-matrix">
  <rows>3</rows>
  <cols>1</cols>
  <dt>d</dt>
  <data>
    -1.2932450834226247e+01 -5.3303503660328886e+00
    4.6889782558452204e+01</data></t>
<distance>4.8931713928527728e+01</distance>
</opencv_storage>
