<?xml version="1.0"?>
<opencv_storage>
<R type_id="opencv-matrix">
  <rows>3</rows>
  <cols>3</cols>
  <dt>d</dt>
  <data>
    9.9952595672275257e-01 -3.5205212304273360e-04
    3.0785351983837150e-02 3.4151784643796168e-03 9.9503133063274207e-01
    -9.9503706540466516e-02 -3.0597359257336611e-02
    9.9561674948433362e-02 9.9456084504063402e-01</data></R>
<t type_id="opencv-matrix">
  <rows>3</rows>
  <cols>1</cols>
  <dt>d</dt>
  <data>
    -1.2941485828792453e+01 -5.3725216184274887e+00
    4.7201075339437693e+01</data></t>
<distance>4.9237054716915992e+01</distance>
</opencv_storage>
