<?xml version="1.0"?>
<opencv_storage>
<R type_id="opencv-matrix">
  <rows>3</rows>
  <cols>3</cols>
  <dt>d</dt>
  <data>
    9.9960738225488854e-01 -4.7750996320113938e-04
    2.8015233815984551e-02 3.7935777859954764e-03 9.9295473793409306e-01
    -1.1843351376117400e-01 -2.7761305969115399e-02
    1.1849329263072925e-01 9.9256669775507655e-01</data></R>
<t type_id="opencv-matrix">
  <rows>3</rows>
  <cols>1</cols>
  <dt>d</dt>
  <data>
    -1.2933218134661114e+01 -5.3373068531240175e+00
    4.6840528206238410e+01</data></t>
<distance>4.8885479013737282e+01</distance>
</opencv_storage>
