<?xml version="1.0"?>
<opencv_storage>
<R type_id="opencv-matrix">
  <rows>3</rows>
  <cols>3</cols>
  <dt>d</dt>
  <data>
    9.9960839720415751e-01 -8.2770221421855352e-04
    2.7970826730359097e-02 4.6296257676736972e-03 9.9067939573283581e-01
    -1.3613559944288781e-01 -2.7597441986287150e-02
    1.3621178282170629e-01 9.9029527486318225e-01</data></R>
<t type_id="opencv-matrix">
  <rows>3</rows>
  <cols>1</cols>
  <dt>d</dt>
  <data>
    -1.2931261860923104e+01 -5.2753404827787156e+00
    4.6391588314567571e+01</data></t>
<distance>4.8448180738530638e+01</distance>
</opencv_storage>
