<?xml version="1.0"?>
<opencv_storage>
<R type_id="opencv-matrix">
  <rows>3</rows>
  <cols>3</cols>
  <dt>d</dt>
  <data>
    9.9957537902927329e-01 -4.4818402189142218e-04
    2.9135215282662517e-02 3.4887044660403895e-03 9.9453008384115305e-01
    -1.0439224720283419e-01 -2.8929061160590748e-02
    1.0444956422116625e-01 9.9410934909313431e-01</data></R>
<t type_id="opencv-matrix">
  <rows>3</rows>
  <cols>1</cols>
  <dt>d</dt>
  <data>
    -1.2939163172073389e+01 -5.3607409174184362e+00
    4.7101561506339614e+01</data></t>
<distance>4.9139765802379635e+01</distance>
</opencv_storage>
