<?xml version="1.0"?>
<opencv_storage>
<R type_id="opencv-matrix">
  <rows>3</rows>
  <cols>3</cols>
  <dt>d</dt>
  <data>
    9.9959123049071175e-01 -7.6185115007521573e-04
    2.8579564532895060e-02 4.5738171548273983e-03 9.9103091551427636e-01
    -1.3355450082857326e-01 -2.8221483353980361e-02
    1.3363062552334440e-01 9.9062929686111179e-01</data></R>
<t type_id="opencv-matrix">
  <rows>3</rows>
  <cols>1</cols>
  <dt>d</dt>
  <data>
    -1.2931314781184113e+01 -5.2824310955317113e+00
    4.6449438867363568e+01</data></t>
<distance>4.8504364250467773e+01</distance>
</opencv_storage>
