<?xml version="1.0"?>
<opencv_storage>
<R type_id="opencv-matrix">
  <rows>3</rows>
  <cols>3</cols>
  <dt>d</dt>
  <data>
    9.9949286019487282e-01 -3.2329605063410047e-04
    3.1842077494035337e-02 3.3785792467818892e-03 9.9538097882841869e-01
    -9.5944213941500239e-02 -3.1663979878494772e-02
    9.6003137793734622e-02 9.9487727379411550e-01</data></R>
<t type_id="opencv-matrix">
  <rows>3</rows>
  <cols>1</cols>
  <dt>d</dt>
  <data>
    -1.2941931492589205e+01 -5.3802119553783383e+00
    4.7280682998037683e+01</data></t>
<distance>4.9314331144248506e+01</distance>
</opencv_storage>
