<?xml version="1.0"?>
<opencv_storage>
<R type_id="opencv-matrix">
  <rows>3</rows>
  <cols>3</cols>
  <dt>d</dt>
  <data>
    9.9937303988029802e-01 -3.3571819341590985e-04
    3.5403593796489781e-02 3.3308106096951191e-03 9.9641166927235547e-01
    -8.4573583574071326e-02 -3.5248161102312596e-02
    8.4638481975828794e-02 9.9578807710663653e-01</data></R>
<t type_id="opencv-matrix">
  <rows>3</rows>
  <cols>1</cols>
  <dt>d</dt>
  <data>
    -1.2944362291427399e+01 -5.4007154728298090e+00
    4.7492329551037585e+01</data></t>
<distance>4.9520153563317521e+01</distance>
</opencv_storage>
