<?xml version="1.0"?>
<opencv_storage>
<R type_id="opencv-matrix">
  <rows>3</rows>
  <cols>3</cols>
  <dt>d</dt>
  <data>
    9.9954407128407952e-01 -5.5795623620123248e-04
    3.0188379315317558e-02 4.3818870590885371e-03 9.9192475506526767e-01
    -1.2675203885740824e-01 -2.9873878667632053e-02
    1.2682653103174832e-01 9.9147495298661203e-01</data></R>
<t type_id="opencv-matrix">
  <rows>3</rows>
  <cols>1</cols>
  <dt>d</dt>
  <data>
    -1.2933082482818145e+01 -5.3047980867204405e+00
    4.6623996919870528e+01</data></t>
<distance>4.8674455251521273e+01</distance>
</opencv_storage>
