<?xml version="1.0"?>
<opencv_storage>
<R type_id="opencv-matrix">
  <rows>3</rows>
  <cols>3</cols>
  <dt>d</dt>
  <data>
    9.9969633545279857e-01 -8.8026266740696101e-04
    2.4626449599609093e-02 3.6103794014735657e-03 9.9380961312715332e-01
    -1.1103791251926244e-01 -2.4376259820225350e-02
    1.1109310506820093e-01 9.9351100646318091e-01</data></R>
<t type_id="opencv-matrix">
  <rows>3</rows>
  <cols>1</cols>
  <dt>d</dt>
  <data>
    -1.2933646034432677e+01 -5.3651465023934239e+00
    4.7024170799065651e+01</data></t>
<distance>4.9064616946184742e+01</distance>
</opencv_storage>
