<?xml version="1.0"?>
<opencv_storage>
<R type_id="opencv-matrix">
  <rows>3</rows>
  <cols>3</cols>
  <dt>d</dt>
  <data>
    9.9953698910462863e-01 -3.9788998281847570e-04
    3.0424481839712740e-02 4.1307041057984592e-03 9.9243184172020948e-01
    -1.2272724564424779e-01 -3.0145392603908437e-02
    1.2279609612440769e-01 9.9197397853036529e-01</data></R>
<t type_id="opencv-matrix">
  <rows>3</rows>
  <cols>1</cols>
  <dt>d</dt>
  <data>
    -1.2937548444549035e+01 -5.3138194713558100e+00
    4.6721598029335446e+01</data></t>
<distance>4.8770119535879907e+01</distance>
</opencv_storage>
