<?xml version="1.0"?>
<opencv_storage>
<R type_id="opencv-matrix">
  <rows>3</rows>
  <cols>3</cols>
  <dt>d</dt>
  <data>
    9.9954307390344721e-01 -6.0799524133121506e-04
    3.0220419478134607e-02 4.3787694405560199e-03 9.9216380707143514e-01
    -1.2486715467128445e-01 -2.9907687804883072e-02
    1.2494242785900447e-01 9.9171312380691168e-01</data></R>
<t type_id="opencv-matrix">
  <rows>3</rows>
  <cols>1</cols>
  <dt>d</dt>
  <data>
    -1.2932824629097849e+01 -5.3082770157618677e+00
    4.6670235631515254e+01</data></t>
<distance>4.8719058402890148e+01</distance>
</opencv_storage>
