<?xml version="1.0"?>
<opencv_storage>
<R type_id="opencv-matrix">
  <rows>3</rows>
  <cols>3</cols>
  <dt>d</dt>
  <data>
    9.9968250317625862e-01 -9.3226763445516557e-04
    2.5179827646498204e-02 3.6866490657317670e-03 9.9397278694760749e-01
    -1.0956508306149446e-01 -2.4925919479845612e-02
    1.0962312568369773e-01 9.9366064068846993e-01</data></R>
<t type_id="opencv-matrix">
  <rows>3</rows>
  <cols>1</cols>
  <dt>d</dt>
  <data>
    -1.2932157769271184e+01 -5.3565468951025119e+00
    4.7037784530969837e+01</data></t>
<distance>4.9076333122908622e+01</distance>
</opencv_storage>
