<?xml version="1.0"?>
<opencv_storage>
<R type_id="opencv-matrix">
  <rows>3</rows>
  <cols>3</cols>
  <dt>d</dt>
  <data>
    9.9964440222795259e-01 -7.8486780249320651e-04
    2.6654325668676298e-02 3.8651268121677809e-03 9.9327556119376181e-01
    -1.1570963801664673e-01 -2.6384273517478334e-02
    1.1577151427596587e-01 9.9292538823075960e-01</data></R>
<t type_id="opencv-matrix">
  <rows>3</rows>
  <cols>1</cols>
  <dt>d</dt>
  <data>
    -1.2931864852676911e+01 -5.3350879310388448e+00
    4.6913290577324027e+01</data></t>
<distance>4.8954602690577069e+01</distance>
</opencv_storage>
