<?xml version="1.0"?>
<opencv_storage>
<R type_id="opencv-matrix">
  <rows>3</rows>
  <cols>3</cols>
  <dt>d</dt>
  <data>
    9.9954427681514957e-01 -5.4293887280932999e-04
    3.0181847250623402e-02 4.3413117974504473e-03 9.9202995994489107e-01
    -1.2592740600685406e-01 -2.9872925835225592e-02
    1.2600104677786664e-01 9.9158022595901185e-01</data></R>
<t type_id="opencv-matrix">
  <rows>3</rows>
  <cols>1</cols>
  <dt>d</dt>
  <data>
    -1.2934070251192853e+01 -5.3072915577644499e+00
    4.6645623060795636e+01</data></t>
<distance>4.8695704817486103e+01</distance>
</opencv_storage>
