<?xml version="1.0"?>
<opencv_storage>
<R type_id="opencv-matrix">
  <rows>3</rows>
  <cols>3</cols>
  <dt>d</dt>
  <data>
    9.9961445163873253e-01 -8.4608327446027642e-04
    2.7753057815106778e-02 4.6267807534163914e-03 9.9063649586923896e-01
    -1.3644752087075512e-01 -2.7377745978363455e-02
    1.3652332106643178e-01 9.9025847223345487e-01</data></R>
<t type_id="opencv-matrix">
  <rows>3</rows>
  <cols>1</cols>
  <dt>d</dt>
  <data>
    -1.2931066919032649e+01 -5.2726034252378895e+00
    4.6375053960119168e+01</data></t>
<distance>4.8431998393090240e+01</distance>
</opencv_storage>
