<?xml version="1.0"?>
<opencv_storage>
<DistCoeffs type_id="opencv-matrix">
  <rows>5</rows>
  <cols>1</cols>
  <dt>d</dt>
  <data>
    1.2660356263715558e-01 -7.9803380061845353e-01
    6.0351776469109823e-03 -1.3514938874670055e-03
    2.7373429341410196e+00</data></DistCoeffs>
</opencv_storage>
