<?xml version="1.0"?>
<opencv_storage>
<Intrinsics type_id="opencv-matrix">
  <rows>3</rows>
  <cols>3</cols>
  <dt>d</dt>
  <data>
    6.9108953857421875e+02 0. 3.1488504275940795e+02 0.
    6.8545776367187500e+02 2.5022882024066348e+02 0. 0. 1.</data></Intrinsics>
</opencv_storage>
