<?xml version="1.0"?>
<opencv_storage>
<Intrinsics type_id="opencv-matrix">
  <rows>3</rows>
  <cols>3</cols>
  <dt>d</dt>
  <data>
    6.8709497070312500e+02 0. 3.2187458073833113e+02 0.
    6.8558618164062500e+02 2.3767136593550094e+02 0. 0. 1.</data></Intrinsics>
</opencv_storage>
