<?xml version="1.0"?>
<opencv_storage>
<Intrinsics type_id="opencv-matrix">
  <rows>3</rows>
  <cols>3</cols>
  <dt>d</dt>
  <data>
    1.0538149414062500e+03 0. 6.4203632291336544e+02 0.
    1.0464213867187500e+03 3.5829791001758713e+02 0. 0. 1.</data></Intrinsics>
</opencv_storage>
