<?xml version="1.0"?>
<opencv_storage>
<R type_id="opencv-matrix">
  <rows>3</rows>
  <cols>3</cols>
  <dt>d</dt>
  <data>
    9.9951003478216727e-01 1.1703154802272903e-02
    -2.9029752624244624e-02 -1.3480344246706725e-02
    9.9799755626742670e-01 -6.1799336592189447e-02
    2.8248374975227902e-02 6.2160388125545682e-02 9.9766633473288080e-01</data></R>
<t type_id="opencv-matrix">
  <rows>3</rows>
  <cols>1</cols>
  <dt>d</dt>
  <data>
    -1.4281298748204310e+00 -4.9420873549873496e+00
    4.7267665085641347e+01</data></t>
<distance>4.7546776389278371e+01</distance>
</opencv_storage>
