<?xml version="1.0"?>
<opencv_storage>
<R type_id="opencv-matrix">
  <rows>3</rows>
  <cols>3</cols>
  <dt>d</dt>
  <data>
    9.9947971590751006e-01 1.1390653064596218e-02
    -3.0175329529350897e-02 -1.4068161882028217e-02
    9.9583691801945640e-01 -9.0060643628455242e-02
    2.9023857612384331e-02 9.0438297928878406e-02 9.9547904546355148e-01</data></R>
<t type_id="opencv-matrix">
  <rows>3</rows>
  <cols>1</cols>
  <dt>d</dt>
  <data>
    -1.4022874878802787e+00 -4.8573063367652303e+00
    4.6657906373101383e+01</data></t>
<distance>4.6931013862572151e+01</distance>
</opencv_storage>
