<?xml version="1.0"?>
<opencv_storage>
<R type_id="opencv-matrix">
  <rows>3</rows>
  <cols>3</cols>
  <dt>d</dt>
  <data>
    9.9932512647301519e-01 8.8663249897954037e-03 3.5646597044705096e-02
    -8.0335974705279430e-03 9.9969305127751518e-01
    -2.3436393475380856e-02 -3.5843450048422730e-02
    2.3134206462005067e-02 9.9908961338810831e-01</data></R>
<t type_id="opencv-matrix">
  <rows>3</rows>
  <cols>1</cols>
  <dt>d</dt>
  <data>
    -1.6583871814764162e+01 -5.0083235850966057e+00
    4.9080228774834403e+01</data></t>
<distance>5.2047833442821094e+01</distance>
</opencv_storage>
