<?xml version="1.0"?>
<opencv_storage>
<R type_id="opencv-matrix">
  <rows>3</rows>
  <cols>3</cols>
  <dt>d</dt>
  <data>
    9.9938288500234163e-01 8.4656348597557263e-03 3.4090793343918298e-02
    -7.7412527879360208e-03 9.9974262911139800e-01
    -2.1324833943152554e-02 -3.4262547623749882e-02
    2.1047768619287106e-02 9.9919120756063462e-01</data></R>
<t type_id="opencv-matrix">
  <rows>3</rows>
  <cols>1</cols>
  <dt>d</dt>
  <data>
    -1.6585027599024155e+01 -5.0155667076096986e+00
    4.9187997768856015e+01</data></t>
<distance>5.2150533787947559e+01</distance>
</opencv_storage>
