<?xml version="1.0"?>
<opencv_storage>
<R type_id="opencv-matrix">
  <rows>3</rows>
  <cols>3</cols>
  <dt>d</dt>
  <data>
    9.9937466880235848e-01 8.8560751294552605e-03 3.4232167466838812e-02
    -8.2100021019068034e-03 9.9978638291682276e-01
    -1.8967983540244940e-02 -3.4392836778360400e-02
    1.8675076101525294e-02 9.9923389369603510e-01</data></R>
<t type_id="opencv-matrix">
  <rows>3</rows>
  <cols>1</cols>
  <dt>d</dt>
  <data>
    -1.6587351091674439e+01 -5.0129464053954411e+00
    4.9199376678600622e+01</data></t>
<distance>5.2161753358803722e+01</distance>
</opencv_storage>
