<?xml version="1.0"?>
<opencv_storage>
<DistCoeffs type_id="opencv-matrix">
  <rows>5</rows>
  <cols>1</cols>
  <dt>d</dt>
  <data>
    1.7743779362879536e-01 -9.4252459649331677e-01
    1.9089471855861448e-03 -1.1544323355813024e-02
    2.1168382236674010e+00</data></DistCoeffs>
</opencv_storage>
