<?xml version="1.0"?>
<opencv_storage>
<Intrinsics type_id="opencv-matrix">
  <rows>3</rows>
  <cols>3</cols>
  <dt>d</dt>
  <data>
    6.9852801513671875e+02 0. 2.9955316047331507e+02 0.
    6.8933837890625000e+02 2.3864016717569029e+02 0. 0. 1.</data></Intrinsics>
</opencv_storage>
