<?xml version="1.0"?>
<opencv_storage>
<DistCoeffs type_id="opencv-matrix">
  <rows>5</rows>
  <cols>1</cols>
  <dt>d</dt>
  <data>
    2.0488225816089678e-01 -1.8037598192381130e+00
    6.2964959802613019e-03 -1.8331826884133980e-02
    6.4574315752380684e+00</data></DistCoeffs>
</opencv_storage>
