<?xml version="1.0"?>
<opencv_storage>
<MeanIntrinsics type_id="opencv-matrix">
  <rows>3</rows>
  <cols>3</cols>
  <dt>d</dt>
  <data>
    6.7308835601806641e+02 0. 3.1232736704243052e+02 0.
    6.6810301208496094e+02 2.3650267868601486e+02 0. 0. 1.</data></MeanIntrinsics>
<StdIntrinsics type_id="opencv-matrix">
  <rows>3</rows>
  <cols>3</cols>
  <dt>d</dt>
  <data>
    5.6273127834308127e+01 0. 1.3249254073529748e+01 0.
    5.5753902820339945e+01 2.2718117697055057e+01 0. 0. 0.</data></StdIntrinsics>
<MeanDistortions type_id="opencv-matrix">
  <rows>5</rows>
  <cols>1</cols>
  <dt>d</dt>
  <data>
    1.5014851327229403e-01 -7.4496396668951359e-01
    3.0746286975995656e-03 -2.9992641356470576e-03
    1.8206042589015965e+00</data></MeanDistortions>
<StdDistortions type_id="opencv-matrix">
  <rows>5</rows>
  <cols>1</cols>
  <dt>d</dt>
  <data>
    3.9097634842218065e-02 4.4852520870743889e-01 3.1074657048122947e-03
    7.2674764264732744e-03 1.9320415563028299e+00</data></StdDistortions>
</opencv_storage>
