<?xml version="1.0"?>
<opencv_storage>
<R type_id="opencv-matrix">
  <rows>3</rows>
  <cols>3</cols>
  <dt>d</dt>
  <data>
    9.9876865935304759e-01 -2.9191637554846123e-02
    -4.0112509158397078e-02 4.7351274649506767e-02
    8.0214033653382555e-01 5.9525518670102151e-01 1.4799387932714309e-02
    -5.9642160323236737e-01 8.0253488978021981e-01</data></R>
<t type_id="opencv-matrix">
  <rows>3</rows>
  <cols>1</cols>
  <dt>d</dt>
  <data>
    -1.2737210375209147e+00 -1.8668951422801889e+01
    1.4020907601073071e+02</data></t>
<distance>1.4145224320699629e+02</distance>
</opencv_storage>
