<?xml version="1.0"?>
<opencv_storage>
<R type_id="opencv-matrix">
  <rows>3</rows>
  <cols>3</cols>
  <dt>d</dt>
  <data>
    9.9868203082766627e-01 -4.4934527116570526e-02
    2.4800999470552774e-02 2.1861679614665820e-02 8.0961910990690755e-01
    5.8654834740025685e-01 -4.6435635737587098e-02
    -5.8523310325575140e-01 8.0953440111417696e-01</data></R>
<t type_id="opencv-matrix">
  <rows>3</rows>
  <cols>1</cols>
  <dt>d</dt>
  <data>
    -6.8301900751450608e+00 -1.7422515805027526e+01
    1.5535309459367244e+02</data></t>
<distance>1.5647613093781933e+02</distance>
</opencv_storage>
