<?xml version="1.0"?>
<opencv_storage>
<R type_id="opencv-matrix">
  <rows>3</rows>
  <cols>3</cols>
  <dt>d</dt>
  <data>
    9.9957084523305106e-01 1.2147097985403948e-02
    -2.6656582125561708e-02 -1.3511800195388852e-02
    9.9857500001269905e-01 -5.1627517905840539e-02
    2.5991471977625861e-02 5.1965540121998069e-02 9.9831058595222022e-01</data></R>
<t type_id="opencv-matrix">
  <rows>3</rows>
  <cols>1</cols>
  <dt>d</dt>
  <data>
    -1.4399143906541427e+00 -4.9708157235563011e+00
    4.7543387342621301e+01</data></t>
<distance>4.7824220248954298e+01</distance>
</opencv_storage>
