<?xml version="1.0"?>
<opencv_storage>
<R type_id="opencv-matrix">
  <rows>3</rows>
  <cols>3</cols>
  <dt>d</dt>
  <data>
    9.9951052578362309e-01 1.0835322135144440e-02
    -2.9347992128473825e-02 -1.3654831118763052e-02
    9.9512785768461853e-01 -9.7642677386170343e-02
    2.8147014670536069e-02 9.7995625689360891e-02 9.9478872275015628e-01</data></R>
<t type_id="opencv-matrix">
  <rows>3</rows>
  <cols>1</cols>
  <dt>d</dt>
  <data>
    -1.4197047479623197e+00 -4.8378168062234872e+00
    4.6511372206410591e+01</data></t>
<distance>4.6783840987516491e+01</distance>
</opencv_storage>
