<?xml version="1.0"?>
<opencv_storage>
<R type_id="opencv-matrix">
  <rows>3</rows>
  <cols>3</cols>
  <dt>d</dt>
  <data>
    9.9941209255473751e-01 7.8472558712127920e-03 3.3374988099660913e-02
    -7.2434520332401607e-03 9.9980859894340102e-01
    -1.8174099192963356e-02 -3.3511216898270649e-02
    1.7921664379327015e-02 9.9927764524574036e-01</data></R>
<t type_id="opencv-matrix">
  <rows>3</rows>
  <cols>1</cols>
  <dt>d</dt>
  <data>
    -1.6573201620336786e+01 -5.0289571407842502e+00
    4.9336859768703334e+01</data></t>
<distance>5.2288499248963696e+01</distance>
</opencv_storage>
