<?xml version="1.0"?>
<opencv_storage>
<R type_id="opencv-matrix">
  <rows>3</rows>
  <cols>3</cols>
  <dt>d</dt>
  <data>
    9.8887858318394894e-01 -1.4868946691779103e-01
    3.2542507292801989e-03 1.4251274826694085e-01 9.5360370195543920e-01
    2.6519822057903308e-01 -4.2535447587975936e-02
    -2.6178506841411919e-01 9.6418842227746415e-01</data></R>
<t type_id="opencv-matrix">
  <rows>3</rows>
  <cols>1</cols>
  <dt>d</dt>
  <data>
    -1.6403766545192621e+01 -8.5989373555988724e+00
    5.4761522286125896e+01</data></t>
<distance>5.7808732935505134e+01</distance>
</opencv_storage>
