<?xml version="1.0"?>
<opencv_storage>
<R type_id="opencv-matrix">
  <rows>3</rows>
  <cols>3</cols>
  <dt>d</dt>
  <data>
    9.9946291361124029e-01 1.0613464374897606e-02
    -3.1003849594739414e-02 -1.2915858209571005e-02
    9.9709752261596762e-01 -7.5031400092295614e-02
    3.0117518530594471e-02 7.5391543073892980e-02 9.9669907710928307e-01</data></R>
<t type_id="opencv-matrix">
  <rows>3</rows>
  <cols>1</cols>
  <dt>d</dt>
  <data>
    -1.4169231817904460e+00 -4.9177272887306698e+00
    4.6907695959128453e+01</data></t>
<distance>4.7186053587722903e+01</distance>
</opencv_storage>
